,player_id,player_name,overall,10sec_down_3,30sec_down_3,1min_down_5,3min _down_5,5min _down_5,30sec_plusminus_5,1min_plusminus_5,3min_plusminus_5,5min_plusminus_5
0,203518,Alex Abrines,0.381,0.0,0.0,1.0,1.0,1.0,0.0,1.0,0.5,0.5
1,203112,Quincy Acy,0.411,0.0,0.0,0.0,0.0,0.0,0.0,0.0,0.0,0.0
2,203500,Steven Adams,0.0,0.0,0.0,0.0,0.0,0.0,0.0,0.0,0.0,0.0
3,1628389,Bam Adebayo,0.0,0.0,0.0,0.0,0.0,0.0,0.0,0.0,0.0,0.0
4,201167,Arron Afflalo,0.411,0.0,0.5,0.2,0.167,0.143,0.5,0.333,0.25,0.308
5,202332,Cole Aldrich,0.0,0.0,0.0,0.0,0.0,0.0,0.0,0.0,0.0,0.0
6,200746,LaMarcus Aldridge,0.411,0.0,0.0,0.0,0.0,0.0,0.0,0.0,0.0,0.0
7,1628386,Jarrett Allen,0.0,0.0,0.0,0.0,0.0,0.0,0.0,0.0,0.0,0.0
8,1628443,Kadeem Allen,0.0,0.0,0.0,0.0,0.0,0.0,0.0,0.0,0.0,0.0
9,2754,Tony Allen,0.278,0.0,0.0,0.0,0.0,0.0,0.0,0.0,0.0,0.0
10,202329,Al-Farouq Aminu,0.33,0.0,0.0,0.5,0.25,0.364,0.0,0.333,0.167,0.222
11,1626147,Justin Anderson,0.299,0.0,0.0,0.0,0.0,0.0,0.0,0.0,0.0,0.0
12,203937,Kyle Anderson,0.375,0.0,0.0,0.0,0.0,0.0,0.0,0.0,0.0,0.0
13,201583,Ryan Anderson,0.403,0.0,0.0,0.0,0.429,0.333,0.0,0.0,0.444,0.267
14,1628387,Ike Anigbogu,0.0,0.0,0.0,0.0,0.0,0.0,0.0,0.0,0.0,0.0
15,203507,Giannis Antetokounmpo,0.272,0.0,0.0,0.0,0.25,0.25,0.0,0.0,0.286,0.25
16,2546,Carmelo Anthony,0.359,0.0,0.0,0.25,0.333,0.364,0.0,0.25,0.222,0.333
17,1628384,OG Anunoby,0.0,0.0,0.0,0.0,0.0,0.0,0.0,0.0,0.0,0.0
18,1627853,Ryan Arcidiacono,0.0,0.0,0.0,0.0,0.0,0.0,0.0,0.0,0.0,0.0
19,2772,Trevor Ariza,0.344,0.5,0.5,0.25,0.143,0.182,0.5,0.2,0.111,0.188
20,201589,Darrell Arthur,0.453,0.0,0.0,0.0,0.0,0.0,0.0,0.0,1.0,1.0
21,1628503,Jamel Artis,0.0,0.0,0.0,0.0,0.0,0.0,0.0,0.0,0.0,0.0
22,201600,Omer Asik,0.0,0.0,0.0,0.0,0.0,0.0,0.0,0.0,0.0,0.0
23,201571,D.J. Augustin,0.347,0.0,0.0,0.0,0.0,0.25,0.0,0.0,0.0,0.25
24,202337,Luke Babbitt,0.414,0.0,0.0,0.0,0.0,0.0,0.0,0.0,0.0,0.0
25,1628407,Dwayne Bacon,0.0,0.0,0.0,0.0,0.0,0.0,0.0,0.0,0.0,0.0
26,1627758,Ron Baker,0.267,0.0,0.0,0.0,1.0,0.5,0.0,0.0,1.0,0.5
27,1627735,Wade Baldwin IV,0.136,0.0,0.0,0.0,0.0,0.0,0.0,0.0,0.0,0.0
28,1628366,Lonzo Ball,0.0,0.0,0.0,0.0,0.0,0.0,0.0,0.0,0.0,0.0
29,200826,J.J. Barea,0.358,0.0,0.0,0.0,0.0,0.0,0.0,0.0,0.333,0.333
30,203084,Harrison Barnes,0.351,0.5,0.5,0.25,0.25,0.5,0.5,0.4,0.4,0.545
31,203115,Will Barton,0.37,0.0,0.0,0.0,0.25,0.2,0.0,0.2,0.286,0.25
32,201587,Nicolas Batum,0.333,0.0,0.0,0.308,0.316,0.286,0.0,0.308,0.348,0.297
33,201573,Jerryd Bayless,0.4,0.0,0.0,1.0,1.0,1.0,0.0,1.0,1.0,1.0
34,203382,Aron Baynes,0.0,0.0,0.0,0.0,0.0,0.0,0.0,0.0,0.0,0.0
35,203145,Kent Bazemore,0.346,0.0,0.0,0.333,0.2,0.364,0.0,0.333,0.125,0.313
36,203078,Bradley Beal,0.404,0.0,0.0,0.3,0.333,0.4,0.0,0.25,0.296,0.356
37,1627736,Malik Beasley,0.321,0.0,0.0,0.0,0.0,0.0,0.0,0.0,0.0,0.0
38,201563,Michael Beasley,0.419,0.0,0.0,0.0,0.0,0.0,0.0,0.0,0.0,0.0
39,201158,Marco Belinelli,0.36,0.0,0.0,0.0,0.286,0.444,0.0,0.0,0.286,0.5
40,1628395,Jordan Bell,0.0,0.0,0.0,0.0,0.0,0.0,0.0,0.0,0.0,0.0
41,1627761,DeAndre' Bembry,0.056,0.0,0.0,0.0,0.0,0.0,0.0,0.0,0.0,0.0
42,1627733,Dragan Bender,0.277,0.0,0.0,0.0,0.0,0.0,0.0,0.0,0.0,0.0
43,202722,Davis Bertans,0.399,0.0,0.0,0.0,0.429,0.375,0.0,0.0,0.429,0.375
44,201976,Patrick Beverley,0.382,0.0,0.0,0.0,0.0,0.0,0.0,0.0,0.0,0.25
45,203920,Khem Birch,0.0,0.0,0.0,0.0,0.0,0.0,0.0,0.0,0.0,0.0
46,1628444,Jabari Bird,0.0,0.0,0.0,0.0,0.0,0.0,0.0,0.0,0.0,0.0
47,202687,Bismack Biyombo,0.0,0.0,0.0,0.0,0.0,0.0,0.0,0.0,0.0,0.0
48,202357,Nemanja Bjelica,0.316,0.0,0.0,0.333,0.25,0.25,0.0,0.333,0.25,0.25
49,204028,Tarik Black,0.5,0.0,0.0,0.0,0.0,0.0,0.0,0.0,0.0,0.0
50,1628469,Antonio Blakeney,0.0,0.0,0.0,0.0,0.0,0.0,0.0,0.0,0.0,0.0
51,202339,Eric Bledsoe,0.335,0.5,0.5,0.4,0.364,0.364,0.5,0.4,0.364,0.364
52,203505,Vander Blue,0.0,0.0,0.0,0.0,0.0,0.0,0.0,0.0,0.0,0.0
53,203992,Bogdan Bogdanovic,0.0,0.0,0.0,0.0,0.0,0.0,0.0,0.0,0.0,0.0
54,202711,Bojan Bogdanovic,0.367,0.0,0.25,0.4,0.357,0.368,0.2,0.417,0.389,0.375
55,101106,Andrew Bogut,0.0,0.0,0.0,0.0,0.0,0.0,0.0,0.0,0.0,0.0
56,1627762,Joel Bolomboy,0.0,0.0,0.0,0.0,0.0,0.0,0.0,0.0,0.0,0.0
57,1626164,Devin Booker,0.363,0.0,0.167,0.235,0.217,0.24,0.167,0.235,0.208,0.259
58,202344,Trevor Booker,0.321,0.0,0.0,0.0,0.0,0.0,0.0,0.0,0.0,0.0
59,202340,Avery Bradley,0.39,0.0,0.0,0.0,0.167,0.25,0.0,0.25,0.25,0.3
60,1628396,Tony Bradley,0.0,0.0,0.0,0.0,0.0,0.0,0.0,0.0,0.0,0.0
61,201147,Corey Brewer,0.229,0.0,0.0,0.0,0.0,0.0,0.0,0.0,0.0,0.0
62,1627763,Malcolm Brogdon,0.404,0.0,0.0,0.0,1.0,0.667,0.0,0.0,1.0,0.667
63,201166,Aaron Brooks,0.375,0.0,0.0,0.0,0.0,0.0,0.0,0.0,0.0,0.0
64,1628415,Dillon Brooks,0.0,0.0,0.0,0.0,0.0,0.0,0.0,0.0,0.0,0.0
65,201628,Bobby Brown,0.4,0.0,0.0,0.0,0.0,0.0,0.0,0.0,0.0,0.0
66,1627759,Jaylen Brown,0.341,0.0,0.0,1.0,1.0,0.333,0.0,1.0,1.0,0.5
67,203485,Lorenzo Brown,0.0,0.0,0.0,0.0,0.0,0.0,0.0,0.0,0.0,0.0
68,203900,Markel Brown,0.0,0.0,0.0,0.0,0.0,0.0,0.0,0.0,0.0,0.0
69,1628425,Sterling Brown,0.0,0.0,0.0,0.0,0.0,0.0,0.0,0.0,0.0,0.0
70,1627852,Nicolas Brussino,0.305,0.0,0.0,0.0,0.0,0.0,0.0,0.0,0.5,0.333
71,1628418,Thomas Bryant,0.0,0.0,0.0,0.0,0.0,0.0,0.0,0.0,0.0,0.0
72,203493,Reggie Bullock,0.384,0.0,0.0,1.0,0.667,0.667,0.0,1.0,0.667,0.667
73,203504,Trey Burke,0.443,0.0,0.0,0.0,0.0,0.0,0.0,0.0,0.0,0.0
74,202692,Alec Burks,0.329,0.0,0.0,0.0,0.333,0.333,0.0,0.0,0.333,0.5
75,202710,Jimmy Butler,0.367,0.0,0.0,0.429,0.4,0.385,0.333,0.412,0.346,0.364
76,202779,Dwight Buycks,0.0,0.0,0.0,0.0,0.0,0.0,0.0,0.0,0.0,0.0
77,203998,Bruno Caboclo,0.0,0.0,0.0,0.0,0.0,0.0,0.0,0.0,0.0,0.0
78,101181,Jose Calderon,0.313,0.0,0.0,0.0,0.0,0.0,0.0,0.0,0.0,0.0
79,203484,Kentavious Caldwell-Pope,0.35,0.25,0.5,0.308,0.303,0.333,0.5,0.357,0.343,0.383
80,203477,Isaiah Canaan,0.266,0.0,0.0,0.333,0.333,0.2,0.0,0.333,0.333,0.2
81,203991,Clint Capela,0.0,0.0,0.0,0.0,0.0,0.0,0.0,0.0,0.0,0.0
82,201960,DeMarre Carroll,0.341,0.0,0.0,0.0,0.0,0.333,1.0,1.0,0.333,0.286
83,1713,Vince Carter,0.378,0.0,0.0,0.333,0.25,0.333,0.0,0.2,0.167,0.333
84,203487,Michael Carter-Williams,0.234,0.0,0.0,0.0,0.0,0.0,0.0,0.0,0.0,0.0
85,1627936,Alex Caruso,0.0,0.0,0.0,0.0,0.0,0.0,0.0,0.0,0.0,0.0
86,201956,Omri Casspi,0.349,0.0,0.0,0.0,0.0,0.0,0.0,0.0,0.0,0.0
87,1626161,Willie Cauley-Stein,0.0,0.0,0.0,0.0,0.0,0.0,0.0,0.0,0.0,0.0
88,1628463,Tyler Cavanaugh,0.0,0.0,0.0,0.0,0.0,0.0,0.0,0.0,0.0,0.0
89,201596,Mario Chalmers,0.0,0.0,0.0,0.0,0.0,0.0,0.0,0.0,0.0,0.0
90,2199,Tyson Chandler,0.0,0.0,0.0,0.0,0.0,0.0,0.0,0.0,0.0,0.0
91,201163,Wilson Chandler,0.337,0.0,0.0,0.5,0.2,0.167,0.0,0.5,0.167,0.125
92,1627737,Marquese Chriss,0.321,0.0,0.0,0.0,0.0,0.0,0.0,0.0,0.0,0.0
93,203546,Ian Clark,0.374,0.0,0.0,0.0,0.0,0.0,0.0,0.0,0.0,0.0
94,203903,Jordan Clarkson,0.329,0.0,0.0,0.2,0.429,0.273,0.0,0.2,0.444,0.333
95,1628492,Gian Clavell,0.0,0.0,0.0,0.0,0.0,0.0,0.0,0.0,0.0,0.0
96,1628499,Antonius Cleveland,0.0,0.0,0.0,0.0,0.0,0.0,0.0,0.0,0.0,0.0
97,1628381,John Collins,0.0,0.0,0.0,0.0,0.0,0.0,0.0,0.0,0.0,0.0
98,1628380,Zach Collins,0.0,0.0,0.0,0.0,0.0,0.0,0.0,0.0,0.0,0.0
99,1627858,Kyle Collinsworth,0.0,0.0,0.0,0.0,0.0,0.0,0.0,0.0,0.0,0.0
100,201954,Darren Collison,0.417,0.0,0.0,0.0,0.25,0.5,0.0,0.0,0.2,0.364
101,2555,Nick Collison,0.0,0.0,0.0,0.0,0.0,0.0,0.0,0.0,0.0,0.0
102,201144,Mike Conley,0.408,0.0,0.0,0.125,0.3,0.333,0.0,0.111,0.32,0.436
103,1626192,Pat Connaughton,0.515,0.0,0.0,0.0,0.0,0.0,0.0,0.0,0.0,0.0
104,1626188,Quinn Cook,0.423,0.0,0.0,0.0,0.0,0.0,0.0,0.0,0.0,0.0
105,1628429,Charles Cooke,0.0,0.0,0.0,0.0,0.0,0.0,0.0,0.0,0.0,0.0
106,204022,Jack Cooley,0.0,0.0,0.0,0.0,0.0,0.0,0.0,0.0,0.0,0.0
107,1627856,Matt Costello,0.0,0.0,0.0,0.0,0.0,0.0,0.0,0.0,0.0,0.0
108,202326,DeMarcus Cousins,0.361,0.0,0.143,0.267,0.464,0.412,0.125,0.278,0.429,0.381
109,203496,Robert Covington,0.333,0.5,0.5,0.75,0.571,0.417,0.5,0.75,0.444,0.412
110,203459,Allen Crabbe,0.444,0.0,0.0,1.0,0.75,0.714,0.0,0.5,0.571,0.462
111,1628470,Torrey Craig,0.0,0.0,0.0,0.0,0.0,0.0,0.0,0.0,0.0,0.0
112,2037,Jamal Crawford,0.36,0.0,0.5,0.5,0.6,0.6,0.333,0.375,0.333,0.375
113,202348,Jordan Crawford,0.389,0.0,0.0,0.0,0.0,0.0,0.0,0.0,0.0,0.667
114,203109,Jae Crowder,0.398,0.0,0.0,0.0,0.125,0.357,0.0,0.0,0.083,0.263
115,201967,Dante Cunningham,0.392,0.0,0.0,0.0,0.0,0.0,0.0,0.0,0.0,0.5
116,201939,Stephen Curry,0.411,0.0,0.0,0.0,0.125,0.385,0.0,0.0,0.125,0.393
117,203584,Troy Daniels,0.389,0.0,1.0,0.333,0.417,0.357,1.0,0.5,0.5,0.421
118,203076,Anthony Davis,0.299,0.0,0.0,0.0,0.0,0.077,0.0,0.0,0.333,0.2
119,1627738,Deyonta Davis,0.0,0.0,0.0,0.0,0.0,0.0,0.0,0.0,0.0,0.0
120,202334,Ed Davis,0.0,0.0,0.0,0.0,0.0,0.0,0.0,0.0,0.0,0.0
121,201942,DeMar DeRozan,0.266,0.0,0.0,0.0,0.25,0.167,0.25,0.167,0.286,0.2
122,203473,Dewayne Dedmon,0.0,0.0,0.0,0.0,0.0,0.0,0.0,0.0,0.0,0.0
123,1626155,Sam Dekker,0.321,0.0,0.0,0.0,0.0,1.0,0.0,0.0,0.0,1.0
124,1627098,Malcolm Delaney,0.236,0.0,0.0,0.0,0.0,0.0,0.0,0.0,0.0,0.0
125,203521,Matthew Dellavedova,0.367,0.0,0.0,0.0,0.0,0.111,0.0,0.0,0.125,0.2
126,2736,Luol Deng,0.309,0.0,0.0,0.0,0.0,0.0,0.0,0.0,0.0,0.0
127,1627767,Cheick Diallo,0.0,0.0,0.0,0.0,0.0,0.0,0.0,0.0,0.0,0.0
128,203476,Gorgui Dieng,0.372,0.0,0.0,0.0,0.0,0.0,0.0,0.0,0.0,0.25
129,203915,Spencer Dinwiddie,0.376,0.0,0.0,0.0,0.5,0.5,0.0,0.0,0.667,0.5
130,1628416,Tyler Dorsey,0.0,0.0,0.0,0.0,0.0,0.0,0.0,0.0,0.0,0.0
131,1628422,Damyean Dotson,0.0,0.0,0.0,0.0,0.0,0.0,0.0,0.0,0.0,0.0
132,1628495,Milton Doyle,0.0,0.0,0.0,0.0,0.0,0.0,0.0,0.0,0.0,0.0
133,1628408,PJ Dozier,0.0,0.0,0.0,0.0,0.0,0.0,0.0,0.0,0.0,0.0
134,201609,Goran Dragic,0.405,0.0,0.0,0.0,0.0,0.333,0.0,0.333,0.333,0.429
135,203580,Larry Drew II,0.0,0.0,0.0,0.0,0.0,0.0,0.0,0.0,0.0,0.0
136,203083,Andre Drummond,0.286,0.0,0.0,0.0,0.0,0.0,0.0,0.0,0.0,0.0
137,201162,Jared Dudley,0.379,0.0,0.0,0.5,0.5,0.5,0.0,0.5,0.5,0.667
138,1627739,Kris Dunn,0.288,0.0,0.0,0.0,0.0,0.0,0.0,0.0,0.0,0.0
139,201142,Kevin Durant,0.375,0.0,0.0,0.0,0.25,0.25,0.0,0.0,0.167,0.154
140,204067,Jarell Eddie,0.25,0.0,0.0,0.0,0.0,0.0,0.0,0.0,0.0,0.0
141,1627740,Henry Ellenson,0.286,0.0,0.0,0.0,0.0,0.0,0.0,0.0,0.0,0.0
142,201961,Wayne Ellington,0.378,0.0,0.0,0.0,0.2,0.286,0.0,0.0,0.143,0.273
143,203954,Joel Embiid,0.367,0.0,0.0,0.0,0.2,0.333,0.0,0.0,0.143,0.25
144,203898,Tyler Ennis,0.386,0.0,0.0,0.0,0.0,0.0,0.0,0.0,0.0,0.0
145,203516,James Ennis III,0.372,0.0,0.0,0.0,0.167,0.167,0.0,0.0,0.167,0.167
146,1628393,Jawun Evans,0.0,0.0,0.0,0.0,0.0,0.0,0.0,0.0,0.0,0.0
147,201936,Tyreke Evans,0.356,0.0,0.0,0.0,0.0,0.0,0.0,0.0,0.0,0.0
148,202702,Kenneth Faried,0.0,0.0,0.0,0.0,0.0,0.0,0.0,0.0,0.0,0.0
149,202324,Derrick Favors,0.3,0.0,0.0,0.0,1.0,1.0,0.0,0.0,1.0,1.0
150,1627770,Kay Felder,0.318,0.0,0.0,0.0,0.0,0.0,0.0,0.0,0.0,0.0
151,1626245,Cristiano Felicio,0.0,0.0,0.0,0.0,0.0,0.0,0.0,0.0,0.0,0.0
152,101109,Raymond Felton,0.319,0.0,0.0,0.0,0.0,0.0,0.0,0.0,0.0,0.0
153,1628390,Terrance Ferguson,0.0,0.0,0.0,0.0,0.0,0.0,0.0,0.0,0.0,0.0
154,1627812,Yogi Ferrell,0.386,0.0,0.0,0.0,0.0,0.0,1.0,1.0,0.25,0.2
155,1627827,Dorian Finney-Smith,0.293,0.0,0.0,0.0,0.0,0.0,0.0,0.0,0.0,0.0
156,1627854,Bryn Forbes,0.321,0.0,0.0,0.0,1.0,1.0,0.0,0.0,1.0,1.0
157,203095,Evan Fournier,0.356,0.0,1.0,0.143,0.25,0.421,1.0,0.111,0.3,0.448
158,1628368,De'Aaron Fox,0.0,0.0,0.0,0.0,0.0,0.0,0.0,0.0,0.0,0.0
159,204025,Tim Frazier,0.313,0.0,0.0,0.0,0.0,0.0,0.0,0.0,0.0,0.0
160,101112,Channing Frye,0.409,0.0,0.0,0.5,0.667,0.667,0.0,0.5,0.4,0.4
161,1628365,Markelle Fultz,0.0,0.0,0.0,0.0,0.0,0.0,0.0,0.0,0.0,0.0
162,201568,Danilo Gallinari,0.389,0.0,0.0,0.0,0.0,0.091,0.0,0.0,0.182,0.15
163,204038,Langston Galloway,0.39,0.0,0.0,0.0,0.273,0.438,0.0,0.0,0.385,0.45
164,201188,Marc Gasol,0.388,0.5,0.5,0.429,0.444,0.333,0.429,0.333,0.429,0.333
165,2200,Pau Gasol,0.538,0.0,0.0,0.0,1.0,1.0,0.0,0.0,0.667,0.8
166,200752,Rudy Gay,0.372,0.0,0.0,0.0,0.0,0.111,0.0,0.0,0.0,0.2
167,202331,Paul George,0.393,0.0,0.0,0.222,0.278,0.292,0.0,0.273,0.333,0.333
168,1627875,Marcus Georges-Hunt,0.5,0.0,0.0,0.0,0.0,0.0,0.0,0.0,0.0,0.0
169,201959,Taj Gibson,0.231,0.0,0.0,0.0,0.0,0.0,0.0,0.0,0.0,0.0
170,1938,Manu Ginobili,0.392,0.0,0.0,0.5,0.25,0.25,0.0,0.333,0.2,0.167
171,203497,Rudy Gobert,0.0,0.0,0.0,0.0,0.0,0.0,0.0,0.0,0.0,0.0
172,203932,Aaron Gordon,0.288,0.0,0.0,0.5,0.5,0.4,0.0,0.5,0.5,0.429
173,201569,Eric Gordon,0.372,0.0,0.0,0.333,0.357,0.438,0.0,0.5,0.35,0.407
174,101162,Marcin Gortat,0.0,0.0,0.0,0.0,0.0,0.0,0.0,0.0,0.0,0.0
175,1626203,Treveon Graham,0.6,0.0,0.0,0.0,0.0,0.0,0.0,0.0,0.0,0.0
176,203924,Jerami Grant,0.371,0.0,0.0,0.0,0.0,0.0,0.0,0.0,0.0,0.333
177,1626170,Jerian Grant,0.366,0.0,0.0,0.0,0.0,0.25,0.0,0.0,0.0,0.2
178,1627982,Josh Gray,0.0,0.0,0.0,0.0,0.0,0.0,0.0,0.0,0.0,0.0
179,201980,Danny Green,0.379,0.0,0.5,0.5,0.333,0.267,0.25,0.286,0.375,0.333
180,203110,Draymond Green,0.308,0.0,0.0,0.0,0.4,0.333,0.0,0.0,0.286,0.2
181,101123,Gerald Green,0.351,0.0,0.0,0.0,0.0,0.0,0.0,0.0,0.0,0.0
182,203210,JaMychal Green,0.379,0.0,0.0,0.5,0.667,0.6,0.0,0.333,0.5,0.429
183,201145,Jeff Green,0.275,0.0,0.0,0.0,0.0,0.333,0.0,0.0,0.0,0.25
184,201933,Blake Griffin,0.336,0.0,0.0,0.0,1.0,1.0,0.0,0.0,1.0,0.5
185,1627772,Daniel Hamilton,0.0,0.0,0.0,0.0,0.0,0.0,0.0,0.0,0.0,0.0
186,203501,Tim Hardaway Jr.,0.357,0.25,0.25,0.25,0.545,0.526,0.2,0.333,0.467,0.481
187,201935,James Harden,0.347,0.0,0.0,0.0,0.0,0.143,0.0,0.143,0.194,0.273
188,203090,Maurice Harkless,0.351,0.0,0.0,0.0,0.0,0.0,0.0,0.0,1.0,0.333
189,1626149,Montrezl Harrell,0.143,0.0,0.0,0.0,0.0,0.0,0.0,0.0,0.0,0.0
190,2734,Devin Harris,0.328,0.0,0.0,0.0,0.0,0.0,0.0,0.0,0.333,0.333
191,203914,Gary Harris,0.42,0.0,0.0,0.0,0.0,0.5,0.0,0.0,0.167,0.3
192,203925,Joe Harris,0.385,0.0,0.0,0.0,0.0,0.375,0.0,0.0,0.0,0.364
193,202699,Tobias Harris,0.347,0.0,0.333,0.2,0.333,0.231,0.333,0.333,0.364,0.25
194,1626150,Andrew Harrison,0.276,0.0,0.0,0.25,0.4,0.333,0.0,0.25,0.286,0.2
195,1627885,Shaquille Harrison,0.0,0.0,0.0,0.0,0.0,0.0,0.0,0.0,0.0,0.0
196,1628404,Josh Hart,0.0,0.0,0.0,0.0,0.0,0.0,0.0,0.0,0.0,0.0
197,2617,Udonis Haslem,0.0,0.0,0.0,0.0,0.0,0.0,0.0,0.0,0.0,0.0
198,1628502,Nigel Hayes,0.0,0.0,0.0,0.0,0.0,0.0,0.0,0.0,0.0,0.0
199,202330,Gordon Hayward,0.398,0.0,0.25,0.333,0.375,0.25,0.2,0.286,0.364,0.278
200,203687,Reggie Hearn,0.0,0.0,0.0,0.0,0.0,0.0,0.0,0.0,0.0,0.0
201,1627988,Myke Henry,0.0,0.0,0.0,0.0,0.0,0.0,0.0,0.0,0.0,0.0
202,203089,John Henson,0.0,0.0,0.0,0.0,0.0,0.0,0.0,0.0,0.0,0.0
203,1627823,Juancho Hernangomez,0.407,0.0,0.0,0.0,0.0,0.0,0.0,0.0,0.0,0.0
204,1626195,Willy Hernangomez,0.267,0.0,0.0,0.0,0.0,0.0,0.0,0.0,0.0,0.0
205,1626209,Mario Hezonja,0.299,0.0,0.0,0.0,0.0,0.5,0.0,0.0,0.0,0.333
206,1628439,Isaiah Hicks,0.0,0.0,0.0,0.0,0.0,0.0,0.0,0.0,0.0,0.0
207,1627741,Buddy Hield,0.391,0.0,0.0,0.0,0.0,0.25,0.0,0.0,0.0,0.333
208,2403,Nene,0.333,0.0,0.0,0.0,0.0,0.0,0.0,0.0,0.0,0.0
209,201588,George Hill,0.403,0.0,0.0,0.0,0.167,0.167,0.0,0.0,0.286,0.25
210,1626199,Darrun Hilliard,0.0,0.0,0.0,0.0,0.0,0.0,0.0,0.0,0.0,0.0
211,201950,Jrue Holiday,0.356,0.0,0.0,0.0,0.111,0.2,0.0,0.25,0.167,0.182
212,203200,Justin Holiday,0.355,0.0,0.0,1.0,0.5,0.583,0.0,1.0,0.5,0.583
213,204066,John Holland,0.0,0.0,0.0,0.0,0.0,0.0,0.0,0.0,0.0,0.0
214,1626178,Rondae Hollis-Jefferson,0.224,0.0,0.0,0.0,0.0,0.0,0.0,0.0,0.0,0.0
215,1626158,Richaun Holmes,0.351,0.0,0.0,0.0,1.0,1.0,0.0,0.0,0.667,0.5
216,203918,Rodney Hood,0.371,1.0,1.0,0.5,0.333,0.25,1.0,0.5,0.333,0.4
217,203816,Scotty Hopson,0.0,0.0,0.0,0.0,0.0,0.0,0.0,0.0,0.0,0.0
218,201143,Al Horford,0.355,0.0,1.0,0.5,0.5,0.714,0.5,0.333,0.273,0.438
219,1627863,Danuel House,0.0,0.0,0.0,0.0,0.0,0.0,0.0,0.0,0.0,0.0
220,2730,Dwight Howard,0.0,0.0,0.0,0.0,0.0,0.0,0.0,0.0,0.0,0.0
221,203962,Josh Huestis,0.0,0.0,0.0,0.0,0.0,0.0,0.0,0.0,0.0,0.0
222,1626154,RJ Hunter,0.0,0.0,0.0,0.0,0.0,0.0,0.0,0.0,0.0,0.0
223,1626205,Vincent Hunter,0.0,0.0,0.0,0.0,0.0,0.0,0.0,0.0,0.0,0.0
224,201586,Serge Ibaka,0.391,0.0,0.0,0.0,0.2,0.375,0.0,0.0,0.25,0.286
225,2738,Andre Iguodala,0.362,0.0,0.0,0.0,0.0,0.0,0.0,0.0,0.0,0.0
226,101141,Ersan Ilyasova,0.353,0.0,0.0,0.5,0.429,0.273,0.0,0.4,0.375,0.231
227,204060,Joe Ingles,0.441,0.0,1.0,1.0,1.0,0.8,1.0,1.0,0.667,0.6
228,1627742,Brandon Ingram,0.294,0.0,0.0,1.0,1.0,1.0,0.0,1.0,1.0,0.5
229,202681,Kyrie Irving,0.401,0.0,0.0,0.231,0.25,0.24,0.0,0.231,0.278,0.226
230,1628371,Jonathan Isaac,0.0,0.0,0.0,0.0,0.0,0.0,0.0,0.0,0.0,0.0
231,1628411,Wes Iwundu,0.0,0.0,0.0,0.0,0.0,0.0,0.0,0.0,0.0,0.0
232,101127,Jarrett Jack,0.0,0.0,0.0,0.0,0.0,0.0,0.0,0.0,0.0,0.0
233,1627743,Demetrius Jackson,0.0,0.0,0.0,0.0,0.0,0.0,0.0,0.0,0.0,0.0
234,1628367,Josh Jackson,0.0,0.0,0.0,0.0,0.0,0.0,0.0,0.0,0.0,0.0
235,1628382,Justin Jackson,0.0,0.0,0.0,0.0,0.0,0.0,0.0,0.0,0.0,0.0
236,202704,Reggie Jackson,0.359,0.0,0.0,0.0,0.0,0.143,0.0,0.0,0.0,0.111
237,2544,LeBron James,0.363,0.5,0.4,0.333,0.333,0.438,0.333,0.333,0.45,0.484
238,1628455,Mike James,0.0,0.0,0.0,0.0,0.0,0.0,0.0,0.0,0.0,0.0
239,2744,Al Jefferson,0.0,0.0,0.0,0.0,0.0,0.0,0.0,0.0,0.0,0.0
240,2210,Richard Jefferson,0.333,0.0,0.0,0.0,0.0,0.0,0.0,0.0,0.0,0.0
241,201973,Jonas Jerebko,0.346,0.0,0.0,0.0,0.0,0.0,0.0,0.0,0.0,0.0
242,101161,Amir Johnson,0.409,0.0,0.0,0.0,0.0,0.0,0.0,0.0,0.0,0.0
243,1627744,Brice Johnson,0.0,0.0,0.0,0.0,0.0,0.0,0.0,0.0,0.0,0.0
244,1626177,Dakari Johnson,0.0,0.0,0.0,0.0,0.0,0.0,0.0,0.0,0.0,0.0
245,201949,James Johnson,0.34,0.0,0.0,0.0,0.111,0.111,0.0,0.0,0.154,0.235
246,2207,Joe Johnson,0.411,0.0,0.0,0.667,0.5,0.5,0.0,0.75,0.615,0.625
247,1626169,Stanley Johnson,0.292,0.0,0.0,1.0,0.5,0.5,0.0,1.0,0.333,0.4
248,204020,Tyler Johnson,0.372,0.0,0.0,0.5,0.286,0.5,0.0,0.5,0.308,0.45
249,202325,Wesley Johnson,0.246,0.0,0.0,0.0,0.0,0.0,0.0,0.0,0.0,0.0
250,203999,Nikola Jokic,0.324,0.0,0.0,0.0,0.333,0.429,0.0,0.0,0.25,0.308
251,1627745,Damian Jones,0.0,0.0,0.0,0.0,0.0,0.0,0.0,0.0,0.0,0.0
252,1627883,Jalen Jones,0.0,0.0,0.0,0.0,0.0,0.0,0.0,0.0,0.0,0.0
253,1626145,Tyus Jones,0.356,0.0,1.0,0.5,0.5,0.5,1.0,0.5,0.5,0.5
254,1627884,Derrick Jones Jr.,0.273,0.0,0.0,0.0,0.0,0.0,0.0,0.0,0.0,0.0
255,201599,DeAndre Jordan,0.0,0.0,0.0,0.0,0.0,0.0,0.0,0.0,0.0,0.0
256,202709,Cory Joseph,0.356,0.0,0.0,0.0,0.0,0.0,0.0,0.0,0.0,0.0
257,1626163,Frank Kaminsky,0.328,0.0,0.0,0.0,0.286,0.375,0.0,0.0,0.417,0.588
258,202683,Enes Kanter,0.132,0.0,0.0,0.0,0.0,0.0,0.0,0.0,0.0,0.0
259,1628379,Luke Kennard,0.0,0.0,0.0,0.0,0.0,0.0,0.0,0.0,0.0,0.0
260,203077,Michael Kidd-Gilchrist,0.111,0.0,0.0,0.0,0.0,0.0,0.0,0.0,0.0,0.0
261,203930,Sean Kilpatrick,0.341,0.0,0.0,0.0,0.333,0.5,0.0,0.0,0.111,0.313
262,1628467,Maxi Kleber,0.0,0.0,0.0,0.0,0.0,0.0,0.0,0.0,0.0,0.0
263,1627788,Furkan Korkmaz,0.0,0.0,0.0,0.0,0.0,0.0,0.0,0.0,0.0,0.0
264,1628436,Luke Kornet,0.0,0.0,0.0,0.0,0.0,0.0,0.0,0.0,0.0,0.0
265,2594,Kyle Korver,0.451,0.0,0.0,0.5,0.625,0.455,0.0,0.333,0.467,0.4
266,201585,Kosta Koufos,0.0,0.0,0.0,0.0,0.0,0.0,0.0,0.0,0.0,0.0
267,1628398,Kyle Kuzma,0.0,0.0,0.0,0.0,0.0,0.0,0.0,0.0,0.0,0.0
268,1627851,Mindaugas Kuzminskas,0.321,0.0,0.0,0.0,0.0,0.0,0.0,0.0,0.25,0.143
269,203897,Zach LaVine,0.387,0.0,0.0,0.333,0.273,0.308,0.0,0.333,0.308,0.333
270,1627746,Skal Labissiere,0.375,0.0,0.0,0.0,0.0,0.0,0.0,0.0,0.0,0.0
271,203087,Jeremy Lamb,0.281,0.0,0.0,0.0,0.0,0.0,1.0,0.5,0.5,0.5
272,203499,Shane Larkin,0.0,0.0,0.0,0.0,0.0,0.0,0.0,0.0,0.0,0.0
273,203530,Joffrey Lauvergne,0.337,0.0,0.0,0.0,0.0,0.333,0.0,0.0,0.0,0.333
274,1627774,Jake Layman,0.255,0.0,0.0,0.0,0.0,0.0,0.0,0.0,0.0,0.0
275,1627747,Caris LeVert,0.321,0.0,0.0,0.0,0.2,0.286,0.0,0.0,0.286,0.3
276,1628388,TJ Leaf,0.0,0.0,0.0,0.0,0.0,0.0,0.0,0.0,0.0,0.0
277,201584,Courtney Lee,0.401,0.25,0.4,0.4,0.5,0.5,0.4,0.4,0.5,0.5
278,1627215,Walter Lemon Jr.,0.0,0.0,0.0,0.0,0.0,0.0,0.0,0.0,0.0,0.0
279,203458,Alex Len,0.25,0.0,0.0,0.0,0.0,0.0,0.0,0.0,0.0,0.0
280,202695,Kawhi Leonard,0.38,0.0,1.0,0.5,0.3,0.286,1.0,0.333,0.25,0.238
281,203086,Meyers Leonard,0.347,0.0,0.0,0.0,0.0,0.0,0.0,0.0,0.0,0.0
282,202720,Jon Leuer,0.293,0.0,0.0,0.0,0.0,0.0,0.0,0.0,0.0,0.0
283,202732,DeAndre Liggins,0.37,0.0,0.0,0.0,0.0,0.0,0.0,0.0,0.0,0.0
284,203081,Damian Lillard,0.37,0.0,0.0,0.154,0.222,0.231,0.0,0.118,0.2,0.286
285,202391,Jeremy Lin,0.372,0.0,0.0,0.4,0.5,0.429,0.0,0.4,0.5,0.5
286,2733,Shaun Livingston,0.333,0.0,0.0,0.0,0.0,0.0,0.0,0.0,0.0,0.0
287,1626172,Kevon Looney,0.0,0.0,0.0,0.0,0.0,0.0,0.0,0.0,0.0,0.0
288,201572,Brook Lopez,0.346,0.0,0.0,0.0,0.364,0.313,0.0,0.0,0.385,0.35
289,201577,Robin Lopez,0.0,0.0,0.0,0.0,0.0,0.0,0.0,0.0,0.0,0.0
290,201567,Kevin Love,0.373,0.0,0.0,0.5,0.25,0.2,0.5,0.75,0.375,0.316
291,200768,Kyle Lowry,0.412,0.0,0.0,0.167,0.2,0.259,0.0,0.125,0.233,0.286
292,1627789,Timothe Luwawu-Cabarrot,0.311,0.0,0.0,0.0,0.0,1.0,0.0,0.0,0.0,0.333
293,1628399,Tyler Lydon,0.0,0.0,0.0,0.0,0.0,0.0,0.0,0.0,0.0,0.0
294,1626168,Trey Lyles,0.319,0.0,0.0,0.0,0.0,0.0,0.0,0.0,0.0,0.0
295,202714,Shelvin Mack,0.308,0.0,0.0,0.0,0.5,0.5,0.0,0.0,0.667,0.429
296,203705,Josh Magette,0.0,0.0,0.0,0.0,0.0,0.0,0.0,0.0,0.0,0.0
297,101133,Ian Mahinmi,0.0,0.0,0.0,0.0,0.0,0.0,0.0,0.0,0.0,0.0
298,1627748,Thon Maker,0.378,0.0,0.0,0.0,0.5,0.5,0.0,0.0,0.333,0.333
299,1626246,Boban Marjanovic,0.0,0.0,0.0,0.0,0.0,0.0,0.0,0.0,0.0,0.0
300,1628374,Lauri Markkanen,0.0,0.0,0.0,0.0,0.0,0.0,0.0,0.0,0.0,0.0
301,1626185,Jarell Martin,0.36,0.0,0.0,0.0,0.0,0.0,0.0,0.0,0.0,0.0
302,1628412,Frank Mason,0.0,0.0,0.0,0.0,0.0,0.0,0.0,0.0,0.0,0.0
303,1628493,Mangok Mathiang,0.0,0.0,0.0,0.0,0.0,0.0,0.0,0.0,0.0,0.0
304,202083,Wesley Matthews,0.363,0.5,0.5,0.25,0.278,0.227,0.5,0.222,0.263,0.25
305,201601,Luc Mbah a Moute,0.391,0.0,0.0,0.0,0.0,0.0,0.0,0.0,0.0,0.0
306,203949,James Michael McAdoo,0.25,0.0,0.0,0.0,1.0,1.0,0.0,0.0,1.0,1.0
307,1627775,Patrick McCaw,0.333,0.0,0.0,0.0,0.0,0.0,0.0,0.0,0.0,0.0
308,203468,CJ McCollum,0.421,0.5,0.667,0.714,0.5,0.556,0.667,0.714,0.421,0.448
309,204456,T.J. McConnell,0.2,0.0,0.0,0.0,0.5,0.5,0.0,0.0,0.667,0.5
310,1628571,Erik McCree,0.0,0.0,0.0,0.0,0.0,0.0,0.0,0.0,0.0,0.0
311,1626191,Chris McCullough,0.143,0.0,0.0,0.0,0.0,0.0,0.0,0.0,0.0,0.0
312,203926,Doug McDermott,0.37,0.0,0.0,0.25,0.4,0.333,0.0,0.25,0.286,0.222
313,201580,JaVale McGee,0.0,0.0,0.0,0.0,0.0,0.0,0.0,0.0,0.0,0.0
314,203585,Rodney McGruder,0.332,0.0,0.0,0.0,0.0,0.0,0.0,0.0,0.0,0.0
315,203590,Trey McKinney-Jones,0.0,0.0,0.0,0.0,0.0,0.0,0.0,0.0,0.0,0.0
316,1628035,Alfonzo McKinnie,0.0,0.0,0.0,0.0,0.0,0.0,0.0,0.0,0.0,0.0
317,203463,Ben McLemore,0.382,0.0,0.0,0.0,0.0,0.0,0.0,0.0,0.0,0.0
318,201177,Josh McRoberts,0.419,0.0,0.0,0.0,0.0,0.0,0.0,0.0,0.0,0.0
319,201975,Jodie Meeks,0.409,0.0,0.0,0.0,0.0,0.0,0.0,0.0,0.0,0.0
320,1626257,Salah Mejri,0.333,0.0,0.0,0.0,0.0,0.0,0.0,0.0,0.0,0.0
321,1626175,Jordan Mickey,0.0,0.0,0.0,0.0,0.0,0.0,0.0,0.0,0.0,0.0
322,203114,Khris Middleton,0.433,0.0,0.0,0.333,0.333,0.333,0.0,0.25,0.25,0.2
323,101139,CJ Miles,0.413,0.0,0.0,0.0,0.25,0.214,0.0,0.333,0.385,0.316
324,203121,Darius Miller,0.0,0.0,0.0,0.0,0.0,0.0,0.0,0.0,0.0,0.0
325,1626259,Malcolm Miller,0.0,0.0,0.0,0.0,0.0,0.0,0.0,0.0,0.0,0.0
326,201988,Patty Mills,0.414,0.0,0.5,0.667,0.571,0.636,0.5,0.75,0.571,0.636
327,200794,Paul Millsap,0.311,0.0,0.5,0.167,0.333,0.273,0.333,0.125,0.231,0.188
328,202703,Nikola Mirotic,0.342,0.0,0.0,0.0,0.3,0.333,0.0,0.0,0.25,0.316
329,1628378,Donovan Mitchell,0.0,0.0,0.0,0.0,0.0,0.0,0.0,0.0,0.0,0.0
330,1628513,Naz Mitrou-Long,0.0,0.0,0.0,0.0,0.0,0.0,0.0,0.0,0.0,0.0
331,1628370,Malik Monk,0.0,0.0,0.0,0.0,0.0,0.0,0.0,0.0,0.0,0.0
332,202328,Greg Monroe,0.0,0.0,0.0,0.0,0.0,0.0,0.0,0.0,0.0,0.0
333,1626242,Luis Montero,0.0,0.0,0.0,0.0,0.0,0.0,0.0,0.0,0.0,0.0
334,1628500,Ben Moore,0.0,0.0,0.0,0.0,0.0,0.0,0.0,0.0,0.0,0.0
335,202734,E'Twaun Moore,0.37,0.0,0.0,0.0,0.0,0.111,0.0,0.0,0.0,0.1
336,203961,Eric Moreland,0.0,0.0,0.0,0.0,0.0,0.0,0.0,0.0,0.0,0.0
337,1628537,Jaylen Morris,0.0,0.0,0.0,0.0,0.0,0.0,0.0,0.0,0.0,0.0
338,202694,Marcus Morris,0.331,0.0,0.0,0.0,0.167,0.222,0.0,0.0,0.125,0.267
339,202693,Markieff Morris,0.362,0.0,0.0,0.0,0.25,0.2,0.0,0.25,0.333,0.25
340,1628420,Monte Morris,0.0,0.0,0.0,0.0,0.0,0.0,0.0,0.0,0.0,0.0
341,1628405,Johnathan Motley,0.0,0.0,0.0,0.0,0.0,0.0,0.0,0.0,0.0,0.0
342,202389,Timofey Mozgov,0.0,0.0,0.0,0.0,0.0,0.0,0.0,0.0,0.0,0.0
343,1626144,Emmanuel Mudiay,0.315,0.0,0.0,0.0,0.0,0.0,0.0,0.0,0.0,0.0
344,203498,Shabazz Muhammad,0.338,0.0,0.0,0.0,0.0,0.0,0.0,0.0,0.0,0.0
345,204098,Xavier Munford,0.0,0.0,0.0,0.0,0.0,0.0,0.0,0.0,0.0,0.0
346,1627749,Dejounte Murray,0.391,0.0,0.0,0.0,0.0,0.0,0.0,0.0,0.0,0.0
347,1627750,Jamal Murray,0.334,0.0,0.0,0.0,0.0,0.0,0.0,0.0,0.0,0.0
348,203488,Mike Muscala,0.418,0.0,0.0,1.0,0.667,0.4,0.0,1.0,0.667,0.4
349,1627846,Abdel Nader,0.0,0.0,0.0,0.0,0.0,0.0,0.0,0.0,0.0,0.0
350,1626204,Larry Nance Jr.,0.278,0.0,0.0,1.0,1.0,1.0,0.0,1.0,1.0,0.5
351,203894,Shabazz Napier,0.37,0.0,0.0,0.0,1.0,0.5,0.0,0.0,1.0,0.5
352,2749,Jameer Nelson,0.388,0.0,1.0,0.333,0.25,0.4,1.0,0.25,0.333,0.4
353,203526,Raul Neto,0.323,0.0,0.0,0.0,0.0,0.0,0.0,0.0,0.0,0.0
354,1627777,Georges Niang,0.0,0.0,0.0,0.0,0.0,0.0,0.0,0.0,0.0,0.0
355,201149,Joakim Noah,0.0,0.0,0.0,0.0,0.0,0.0,0.0,0.0,0.0,0.0
356,203457,Nerlens Noel,0.0,0.0,0.0,0.0,0.0,0.0,0.0,0.0,0.0,0.0
357,203512,Lucas Nogueira,0.25,0.0,0.0,0.0,0.0,0.0,0.0,0.0,0.0,0.0
358,1717,Dirk Nowitzki,0.378,1.0,0.5,0.6,0.429,0.364,0.5,0.5,0.3,0.286
359,1628373,Frank Ntilikina,0.0,0.0,0.0,0.0,0.0,0.0,0.0,0.0,0.0,0.0
360,203994,Jusuf Nurkic,0.0,0.0,0.0,0.0,0.0,0.0,0.0,0.0,0.0,0.0
361,1628021,David Nwaba,0.2,0.0,0.0,0.0,0.0,0.0,0.0,0.0,0.0,0.0
362,203948,Johnny O'Bryant III,0.0,0.0,0.0,0.0,0.0,0.0,0.0,0.0,0.0,0.0
363,1626220,Royce O'Neale,0.0,0.0,0.0,0.0,0.0,0.0,0.0,0.0,0.0,0.0
364,203124,Kyle O'Quinn,0.118,0.0,0.0,0.0,0.0,0.0,0.0,0.0,0.0,0.0
365,1628400,Semi Ojeleye,0.0,0.0,0.0,0.0,0.0,0.0,0.0,0.0,0.0,0.0
366,2731,Emeka Okafor,0.0,0.0,0.0,0.0,0.0,0.0,0.0,0.0,0.0,0.0
367,1626143,Jahlil Okafor,0.0,0.0,0.0,0.0,0.0,0.0,0.0,0.0,0.0,0.0
368,203506,Victor Oladipo,0.361,0.0,0.0,0.25,0.429,0.462,0.0,0.2,0.364,0.45
369,203482,Kelly Olynyk,0.354,0.0,0.0,0.0,0.0,0.0,0.0,0.0,0.0,0.0
370,1626224,Cedi Osman,0.0,0.0,0.0,0.0,0.0,0.0,0.0,0.0,0.0,0.0
371,1626162,Kelly Oubre Jr.,0.287,0.0,0.0,0.0,0.0,0.0,0.0,0.0,0.667,0.75
372,2585,Zaza Pachulia,0.0,0.0,0.0,0.0,0.0,0.0,0.0,0.0,0.0,0.0
373,1627779,Marcus Paige,0.0,0.0,0.0,0.0,0.0,0.0,0.0,0.0,0.0,0.0
374,1627834,Georgios Papagiannis,0.0,0.0,0.0,0.0,0.0,0.0,0.0,0.0,0.0,0.0
375,203953,Jabari Parker,0.365,0.0,0.0,0.0,0.25,0.167,0.0,0.0,0.167,0.111
376,2225,Tony Parker,0.333,0.0,0.0,0.0,0.0,0.0,1.0,1.0,1.0,0.4
377,202718,Chandler Parsons,0.269,0.0,0.0,0.0,0.0,0.0,0.0,0.0,0.0,0.0
378,202335,Patrick Patterson,0.372,0.0,0.0,0.25,0.2,0.333,0.0,0.25,0.167,0.273
379,203464,Brandon Paul,0.0,0.0,0.0,0.0,0.0,0.0,0.0,0.0,0.0,0.0
380,101108,Chris Paul,0.411,1.0,1.0,0.333,0.333,0.333,1.0,0.333,0.3,0.385
381,203940,Adreian Payne,0.2,0.0,0.0,0.0,0.0,0.0,0.0,0.0,0.0,0.0
382,1626166,Cameron Payne,0.314,0.0,0.0,0.0,0.0,0.0,0.0,0.0,0.0,0.0
383,203901,Elfrid Payton,0.274,0.0,0.0,0.333,0.25,0.4,0.0,0.333,0.4,0.429
384,1627780,Gary Payton II,0.0,0.0,0.0,0.0,0.0,0.0,0.0,0.0,0.0,0.0
385,1628506,London Perrantes,0.0,0.0,0.0,0.0,0.0,0.0,0.0,0.0,0.0,0.0
386,1628409,Alec Peters,0.0,0.0,0.0,0.0,0.0,0.0,0.0,0.0,0.0,0.0
387,1627850,Marshall Plumlee,0.0,0.0,0.0,0.0,0.0,0.0,0.0,0.0,0.0,0.0
388,203486,Mason Plumlee,0.0,0.0,0.0,0.0,0.0,0.0,0.0,0.0,0.0,0.0
389,203101,Miles Plumlee,0.0,0.0,0.0,0.0,0.0,0.0,0.0,0.0,0.0,0.0
390,1627751,Jakob Poeltl,0.0,0.0,0.0,0.0,0.0,0.0,0.0,0.0,0.0,0.0
391,202347,Quincy Pondexter,0.0,0.0,0.0,0.0,0.0,0.0,0.0,0.0,0.0,0.0
392,203490,Otto Porter Jr.,0.434,0.0,0.0,0.0,0.5,0.5,0.0,1.0,0.714,0.5
393,1626171,Bobby Portis,0.333,0.0,0.0,0.0,0.0,0.0,0.0,0.0,0.0,0.0
394,204001,Kristaps Porzingis,0.357,0.0,0.0,1.0,1.0,0.5,0.0,0.667,0.6,0.444
395,203939,Dwight Powell,0.284,0.0,0.0,0.0,0.0,0.0,0.0,0.0,0.0,0.0
396,1626181,Norman Powell,0.324,0.0,0.0,0.0,0.0,0.0,0.0,0.0,0.2,0.167
397,1627816,Alex Poythress,0.316,0.0,0.0,0.0,0.0,0.0,0.0,0.0,0.0,0.0
398,1627752,Taurean Prince,0.324,0.0,0.0,0.0,0.0,0.0,0.0,0.0,0.0,0.0
399,1626643,Jacob Pullen,0.0,0.0,0.0,0.0,0.0,0.0,0.0,0.0,0.0,0.0
400,1627753,Zhou Qi,0.0,0.0,0.0,0.0,0.0,0.0,0.0,0.0,0.0,0.0
401,1628397,Ivan Rabb,0.0,0.0,0.0,0.0,0.0,0.0,0.0,0.0,0.0,0.0
402,203944,Julius Randle,0.27,0.0,0.0,0.0,0.0,0.333,0.0,0.0,0.0,0.333
403,2216,Zach Randolph,0.223,0.0,0.0,0.0,0.0,0.0,0.0,0.0,0.0,0.0
404,1628504,Xavier Rathan-Mayes,0.0,0.0,0.0,0.0,0.0,0.0,0.0,0.0,0.0,0.0
405,200755,JJ Redick,0.429,0.0,0.0,0.0,0.333,0.667,0.0,0.0,0.25,0.462
406,1628432,Davon Reed,0.0,0.0,0.0,0.0,0.0,0.0,0.0,0.0,0.0,0.0
407,203186,Willie Reed,0.25,0.0,0.0,0.0,0.0,0.0,0.0,0.0,0.0,0.0
408,1626196,Josh Richardson,0.33,0.0,0.0,0.25,0.25,0.2,0.0,0.25,0.25,0.167
409,1627781,Malachi Richardson,0.0,0.0,0.0,0.0,0.0,0.0,0.0,0.0,0.0,0.0
410,203085,Austin Rivers,0.371,0.0,0.0,0.0,0.25,0.2,0.0,0.0,0.4,0.375
411,203460,Andre Roberson,0.245,0.0,0.0,0.0,0.0,0.0,0.0,0.0,0.5,0.5
412,203922,Glenn Robinson III,0.392,1.0,1.0,1.0,0.5,0.5,0.5,0.5,0.333,0.333
413,200765,Rajon Rondo,0.376,0.0,0.0,0.0,0.5,0.5,0.0,0.0,0.333,0.25
414,201565,Derrick Rose,0.217,0.0,0.0,0.0,0.0,0.0,0.0,0.0,0.0,0.0
415,203082,Terrence Ross,0.363,0.0,0.0,0.2,0.1,0.25,0.0,0.2,0.091,0.3
416,1626179,Terry Rozier,0.318,1.0,1.0,1.0,1.0,1.0,1.0,1.0,0.5,0.75
417,201937,Ricky Rubio,0.306,1.0,1.0,0.5,0.286,0.4,1.0,0.5,0.286,0.364
418,1626156,D'Angelo Russell,0.352,0.5,0.25,0.083,0.188,0.19,0.25,0.083,0.167,0.167
419,1627734,Domantas Sabonis,0.321,0.0,0.0,0.0,0.0,1.0,0.0,0.0,0.0,0.5
420,203960,JaKarr Sampson,0.0,0.0,0.0,0.0,0.0,0.0,0.0,0.0,0.0,0.0
421,203967,Dario Saric,0.311,0.0,0.0,0.0,0.2,0.333,0.0,0.0,0.2,0.231
422,203107,Tomas Satoransky,0.243,0.0,0.0,0.0,0.0,0.0,0.0,0.0,0.0,0.0
423,203471,Dennis Schroder,0.34,0.0,0.5,0.25,0.286,0.25,0.5,0.25,0.375,0.273
424,203118,Mike Scott,0.0,0.0,0.0,0.0,0.0,0.0,0.0,0.0,0.0,0.0
425,200757,Thabo Sefolosha,0.342,0.0,0.0,0.0,0.0,1.0,0.0,0.0,0.0,1.0
426,1627782,Wayne Selden,0.25,0.0,0.0,0.0,0.0,0.0,0.0,0.0,0.0,0.0
427,201196,Ramon Sessions,0.339,0.0,0.0,0.0,0.0,0.0,0.0,0.0,0.0,0.0
428,202697,Iman Shumpert,0.36,0.0,0.0,0.0,0.0,0.2,0.0,0.0,0.25,0.333
429,1627783,Pascal Siakam,0.143,0.0,0.0,0.0,0.0,0.0,0.0,0.0,0.0,0.0
430,1627732,Ben Simmons,0.0,0.0,0.0,0.0,0.0,0.0,0.0,0.0,0.0,0.0
431,203613,Jonathon Simmons,0.294,0.0,0.0,0.0,0.0,0.0,0.0,0.0,0.0,0.0
432,1628424,Kobi Simmons,0.0,0.0,0.0,0.0,0.0,0.0,0.0,0.0,0.0,0.0
433,202713,Kyle Singler,0.189,0.0,0.0,0.0,0.0,0.0,0.0,0.0,0.0,0.0
434,203935,Marcus Smart,0.283,0.0,0.0,0.25,0.2,0.143,0.0,0.25,0.2,0.273
435,202397,Ish Smith,0.267,0.0,1.0,0.4,0.4,0.4,1.0,0.4,0.333,0.333
436,2747,JR Smith,0.351,1.0,1.0,1.0,1.0,1.0,0.5,0.5,0.7,0.75
437,201160,Jason Smith,0.474,0.0,0.0,0.0,0.0,0.0,0.0,0.0,0.0,0.0
438,2746,Josh Smith,0.0,0.0,0.0,0.0,0.0,0.0,0.0,0.0,0.0,0.0
439,1628372,Dennis Smith Jr.,0.0,0.0,0.0,0.0,0.0,0.0,0.0,0.0,0.0,0.0
440,203503,Tony Snell,0.406,0.0,0.0,0.2,0.25,0.25,0.5,0.25,0.235,0.2
441,201578,Marreese Speights,0.372,0.0,0.0,0.0,0.0,0.0,0.0,0.0,0.0,0.0
442,203917,Nik Stauskas,0.368,0.0,0.0,0.4,0.4,0.333,0.0,0.5,0.417,0.357
443,202362,Lance Stephenson,0.3,0.0,0.0,0.0,0.0,0.0,0.0,0.0,0.0,0.0
444,202933,Julyan Stone,0.0,0.0,0.0,0.0,0.0,0.0,0.0,0.0,0.0,0.0
445,1628403,Caleb Swanigan,0.0,0.0,0.0,0.0,0.0,0.0,0.0,0.0,0.0,0.0
446,1628369,Jayson Tatum,0.0,0.0,0.0,0.0,0.0,0.0,0.0,0.0,0.0,0.0
447,1627819,Isaiah Taylor,0.0,0.0,0.0,0.0,0.0,0.0,0.0,0.0,0.0,0.0
448,201952,Jeff Teague,0.357,0.0,0.0,0.0,0.222,0.313,0.0,0.0,0.182,0.263
449,203141,Mirza Teletovic,0.341,0.0,0.0,0.0,0.0,0.0,0.0,0.0,0.0,0.0
450,202066,Garrett Temple,0.373,0.0,0.0,0.333,0.4,0.286,0.0,0.333,0.25,0.182
451,1628462,Milos Teodosic,0.0,0.0,0.0,0.0,0.0,0.0,0.0,0.0,0.0,0.0
452,1891,Jason Terry,0.427,0.0,0.0,0.0,0.0,0.0,0.0,0.0,0.0,0.0
453,1628464,Daniel Theis,0.0,0.0,0.0,0.0,0.0,0.0,0.0,0.0,0.0,0.0
454,202738,Isaiah Thomas,0.379,0.0,0.0,0.6,0.429,0.385,0.0,0.625,0.481,0.4
455,202498,Lance Thomas,0.447,0.0,0.0,0.0,1.0,1.0,0.0,0.0,1.0,1.0
456,202691,Klay Thompson,0.414,0.0,0.0,0.0,0.0,0.125,1.0,0.5,0.3,0.263
457,202684,Tristan Thompson,0.0,0.0,0.0,0.0,0.0,0.0,0.0,0.0,0.0,0.0
458,1628414,Sindarius Thornwell,0.0,0.0,0.0,0.0,0.0,0.0,0.0,0.0,0.0,0.0
459,201229,Anthony Tolliver,0.391,0.0,0.0,0.0,0.0,0.0,0.0,0.5,0.5,0.4
460,1626157,Karl-Anthony Towns,0.367,0.0,0.0,0.0,0.25,0.176,0.0,0.0,0.214,0.2
461,200782,PJ Tucker,0.357,0.0,0.5,0.5,0.25,0.4,0.5,0.5,0.25,0.4
462,202323,Evan Turner,0.263,0.0,0.0,0.0,0.0,0.0,0.0,0.0,0.0,0.0
463,1626167,Myles Turner,0.348,0.0,0.0,0.0,0.0,0.2,0.0,0.0,0.167,0.286
464,202327,Ekpe Udoh,0.0,0.0,0.0,0.0,0.0,0.0,0.0,0.0,0.0,0.0
465,1627755,Tyler Ulis,0.266,1.0,1.0,1.0,1.0,1.0,1.0,1.0,1.0,1.0
466,202685,Jonas Valanciunas,0.5,0.0,0.0,0.0,0.0,0.0,0.0,0.0,0.0,0.0
467,1627756,Denzel Valentine,0.351,0.0,0.0,0.0,0.0,0.0,0.0,0.0,0.0,0.2
468,1627832,Fred VanVleet,0.379,0.0,0.0,0.0,0.0,0.0,0.0,0.0,0.0,0.0
469,1626173,Rashad Vaughn,0.321,0.0,0.0,0.0,0.0,0.0,0.0,0.0,0.0,0.667
470,203943,Noah Vonleh,0.35,0.0,0.0,0.0,0.0,0.0,0.0,0.0,0.0,0.0
471,202696,Nikola Vucevic,0.307,0.0,0.0,0.0,0.0,0.0,0.0,0.0,0.0,0.0
472,2548,Dwyane Wade,0.31,0.0,0.0,0.0,0.0,0.1,1.0,0.167,0.125,0.25
473,203079,Dion Waiters,0.395,0.5,0.333,0.167,0.167,0.111,0.5,0.364,0.4,0.368
474,202689,Kemba Walker,0.399,0.0,0.0,0.308,0.286,0.25,0.0,0.294,0.394,0.339
475,202322,John Wall,0.327,0.0,0.0,0.0,0.167,0.182,0.0,0.0,0.231,0.211
476,1627820,Tyrone Wallace,0.0,0.0,0.0,0.0,0.0,0.0,0.0,0.0,0.0,0.0
477,1628476,Derrick Walton Jr.,0.0,0.0,0.0,0.0,0.0,0.0,0.0,0.0,0.0,0.0
478,203933,TJ Warren,0.265,0.0,0.0,0.0,0.0,0.0,0.0,0.0,0.0,0.0
479,204037,Travis Wear,0.0,0.0,0.0,0.0,0.0,0.0,0.0,0.0,0.0,0.0
480,1627821,James Webb III,0.0,0.0,0.0,0.0,0.0,0.0,0.0,0.0,0.0,0.0
481,1627362,Briante Weber,0.0,0.0,0.0,0.0,0.0,0.0,0.0,0.0,0.0,0.0
482,2561,David West,0.375,0.0,0.0,0.0,0.0,0.0,0.0,0.0,0.0,0.0
483,201566,Russell Westbrook,0.343,0.333,0.267,0.208,0.314,0.283,0.294,0.267,0.386,0.328
484,1628401,Derrick White,0.0,0.0,0.0,0.0,0.0,0.0,0.0,0.0,0.0,0.0
485,1627855,Okaro White,0.353,0.0,0.0,1.0,1.0,1.0,0.0,1.0,1.0,1.0
486,1628510,Andrew White III,0.0,0.0,0.0,0.0,0.0,0.0,0.0,0.0,0.0,0.0
487,1627785,Isaiah Whitehead,0.295,0.0,0.0,0.0,1.0,1.0,0.0,0.0,1.0,1.0
488,202355,Hassan Whiteside,0.0,0.0,0.0,0.0,0.0,0.0,0.0,0.0,0.0,0.0
489,203952,Andrew Wiggins,0.356,0.333,0.333,0.2,0.375,0.333,0.25,0.167,0.3,0.353
490,1628451,Jacob Wiley,0.0,0.0,0.0,0.0,0.0,0.0,0.0,0.0,0.0,0.0
491,2863,Damien Wilkins,0.0,0.0,0.0,0.0,0.0,0.0,0.0,0.0,0.0,0.0
492,203710,C.J. Williams,0.0,0.0,0.0,0.0,0.0,0.0,0.0,0.0,0.0,0.0
493,101150,Lou Williams,0.365,0.0,0.0,0.143,0.25,0.375,0.0,0.111,0.25,0.364
494,101107,Marvin Williams,0.35,0.0,0.0,0.0,0.2,0.188,1.0,0.667,0.375,0.333
495,1627786,Troy Williams,0.29,0.0,0.0,0.0,0.0,0.0,0.0,0.0,0.0,0.0
496,1628475,Matt Williams Jr.,0.0,0.0,0.0,0.0,0.0,0.0,0.0,0.0,0.0,0.0
497,1628391,D.J. Wilson,0.0,0.0,0.0,0.0,0.0,0.0,0.0,0.0,0.0,0.0
498,203966,Jamil Wilson,0.0,0.0,0.0,0.0,0.0,0.0,0.0,0.0,0.0,0.0
499,1626159,Justise Winslow,0.2,0.0,0.0,0.0,0.0,0.0,0.0,0.0,0.0,0.0
500,203481,Jeff Withey,0.0,0.0,0.0,0.0,0.0,0.0,0.0,0.0,0.0,0.0
501,203489,Nate Wolters,0.0,0.0,0.0,0.0,0.0,0.0,0.0,0.0,0.0,0.0
502,201148,Brandan Wright,0.0,0.0,0.0,0.0,0.0,0.0,0.0,0.0,0.0,0.0
503,1626153,Delon Wright,0.333,0.0,0.0,0.0,0.0,0.0,0.0,0.0,0.0,0.0
504,1627824,Guerschon Yabusele,0.0,0.0,0.0,0.0,0.0,0.0,0.0,0.0,0.0,0.0
505,203923,James Young,0.343,0.0,0.0,0.0,0.0,0.0,0.0,0.0,0.0,0.0
506,1626202,Joe Young,0.0,0.0,0.0,0.0,0.0,0.0,0.0,0.0,0.0,0.0
507,201156,Nick Young,0.404,0.5,0.5,0.167,0.1,0.143,0.5,0.286,0.167,0.222
508,201152,Thaddeus Young,0.381,0.0,0.0,0.0,0.0,0.0,0.0,0.0,0.0,0.0
509,203469,Cody Zeller,0.0,0.0,0.0,0.0,0.0,0.0,0.0,0.0,0.0,0.0
510,203092,Tyler Zeller,0.0,0.0,0.0,0.0,0.0,0.0,0.0,0.0,0.0,0.0
511,1627835,Paul Zipser,0.333,0.0,0.0,0.0,0.0,0.0,0.0,0.0,0.333,0.25
512,1627790,Ante Zizic,0.0,0.0,0.0,0.0,0.0,0.0,0.0,0.0,0.0,0.0
513,1627826,Ivica Zubac,0.0,0.0,0.0,0.0,0.0,0.0,0.0,0.0,0.0,0.0
